
CST,Max TemperatureC,Mean TemperatureC,Min TemperatureC,Dew PointC,MeanDew PointC,Min DewpointC,Max Humidity, Mean Humidity, Min Humidity, Max Sea Level PressurehPa, Mean Sea Level PressurehPa, Min Sea Level PressurehPa, Max VisibilityKm, Mean VisibilityKm, Min VisibilitykM, Max Wind SpeedKm/h, Mean Wind SpeedKm/h, Max Gust SpeedKm/h,Precipitationmm, CloudCover, Events,WindDirDegrees
2015-5-1,29,24,21,21,19,18,83,71,51,1013,1011,1010,10,9,4,19,10,,0.00,5,Rain,69
2015-5-2,32,27,23,22,21,19,83,67,49,1011,1009,1007,10,9,6,24,6,,0.00,5,Rain,303
2015-5-3,33,28,23,23,21,18,88,68,41,1012,1009,1007,10,9,5,29,14,47,0.00,6,Rain,280
2015-5-4,23,21,20,20,18,16,88,81,73,1014,1013,1011,10,7,3,27,23,,0.00,6,Rain,99
2015-5-5,21,19,18,19,18,16,94,88,83,1013,1011,1010,10,7,3,27,21,,0.00,6,Rain,104
2015-5-6,27,23,20,21,21,19,100,79,69,1011,1009,1008,10,6,4,11,5,,0.00,6,Rain,285
2015-5-7,29,26,23,22,21,19,94,79,62,1013,1011,1009,10,6,2,34,13,,0.00,5,Rain,318
2015-5-8,30,27,23,23,22,19,89,73,58,1012,1009,1008,10,7,3,23,13,,0.00,5,Rain,101
2015-5-9,32,27,22,24,22,18,94,76,55,1012,1010,1008,10,8,3,32,11,,0.00,5,Rain-Thunderstorm,92
2015-5-10,29,26,22,22,22,19,88,76,66,1012,1011,1009,10,10,8,37,23,,0.00,4,,105
2015-5-11,30,28,25,23,22,20,89,75,62,1011,1009,1006,10,8,5,23,6,40,0.00,5,Rain,63
2015-5-12,26,23,20,23,17,9,100,74,43,1015,1012,1008,10,8,1,32,19,40,0.00,6,Rain,100
2015-5-13,33,27,21,21,18,11,74,56,40,1013,1012,1010,10,10,10,23,8,,0.00,3,,308
2015-5-14,32,28,24,24,22,20,83,70,52,1013,1012,1011,10,9,6,19,6,,0.00,5,,48
2015-5-15,33,28,24,24,22,20,89,68,49,1013,1011,1008,10,9,6,19,8,,0.00,4,,279
2015-5-16,34,29,25,23,21,18,89,62,38,1011,1010,1008,10,10,10,24,8,,0.00,4,Rain,300
2015-5-17,32,28,25,23,22,19,89,68,46,1010,1009,1007,10,10,9,24,8,,0.00,6,,294
2015-5-18,35,30,25,23,19,17,83,54,39,1009,1007,1005,10,10,8,34,11,39,0.00,4,,273
2015-5-19,34,30,26,22,19,16,74,53,34,1007,1006,1005,10,10,10,35,16,42,0.00,6,,254
2015-5-20,28,24,22,23,22,20,100,89,66,1013,1009,1006,10,6,2,23,8,,0.00,6,Rain-Thunderstorm,98
2015-5-21,23,22,21,20,18,17,88,80,69,1015,1013,1012,10,10,8,32,21,,0.00,6,Rain,103
2015-5-22,29,26,22,25,22,19,100,87,66,1012,1009,1007,10,7,2,23,11,,0.00,6,Rain,108
2015-5-23,26,24,24,24,23,21,100,92,74,1008,1007,1005,10,6,2,14,8,,0.00,6,Rain,180
2015-5-24,26,24,23,24,23,21,100,91,83,1008,1006,1005,10,7,3,21,10,,0.00,7,Rain,285
2015-5-25,25,24,23,23,22,19,100,89,78,1011,1008,1006,10,8,3,21,13,,0.00,6,Rain,105
2015-5-26,25,23,22,23,21,19,100,86,74,1012,1010,1009,10,7,1,21,13,,0.00,6,Rain,104
2015-5-27,31,27,23,24,23,21,100,75,58,1010,1007,1005,10,9,4,24,6,,0.00,6,Rain,285
2015-5-28,35,30,26,24,22,19,83,60,41,1006,1004,1001,10,10,10,39,13,58,0.00,5,,270
2015-5-29,35,31,28,24,23,21,74,59,44,1007,1005,1004,10,10,10,27,14,,0.00,4,,274
2015-5-30,36,31,27,25,23,21,79,59,41,1008,1005,1003,10,10,10,35,16,48,0.00,5,,279
2015-5-31,31,28,26,25,23,22,94,76,62,1010,1008,1006,10,9,3,23,11,,0.00,6,Rain,294
