
CST,Max TemperatureC,Mean TemperatureC,Min TemperatureC,Dew PointC,MeanDew PointC,Min DewpointC,Max Humidity, Mean Humidity, Min Humidity, Max Sea Level PressurehPa, Mean Sea Level PressurehPa, Min Sea Level PressurehPa, Max VisibilityKm, Mean VisibilityKm, Min VisibilitykM, Max Wind SpeedKm/h, Mean Wind SpeedKm/h, Max Gust SpeedKm/h,Precipitationmm, CloudCover, Events,WindDirDegrees
2015-9-1,32,28,24,24,23,22,94,84,59,1012,1010,1008,10,8,1,21,6,,0.00,6,Rain-Thunderstorm,107
2015-9-2,34,29,25,24,23,21,94,73,49,1014,1012,1011,10,10,9,23,6,,0.00,6,Rain-Thunderstorm,236
2015-9-3,33,29,25,25,23,21,83,70,55,1014,1013,1012,10,10,10,14,6,,0.00,5,,240
2015-9-4,33,30,27,24,23,21,79,67,52,1014,1013,1011,10,10,10,11,6,,0.00,5,Rain,293
2015-9-5,35,30,26,24,22,20,83,61,44,1012,1009,1006,10,10,10,23,10,,0.00,5,,276
2015-9-6,36,31,26,24,22,19,89,61,37,1008,1006,1003,10,10,5,32,14,48,0.00,4,Rain-Thunderstorm,278
2015-9-7,27,24,23,24,23,22,94,85,74,1010,1008,1006,10,7,2,23,10,,0.00,6,Rain,108
2015-9-8,30,27,23,23,22,20,94,73,55,1012,1010,1008,10,10,10,26,13,,0.00,3,Rain,98
2015-9-9,30,27,24,22,19,17,83,63,45,1014,1012,1011,10,10,10,24,16,,0.00,2,,98
2015-9-10,31,27,23,20,18,14,78,59,37,1014,1013,1011,10,10,10,27,13,,0.00,2,,96
2015-9-11,31,26,22,20,19,17,78,63,46,1012,1011,1009,10,10,10,29,16,,0.00,1,,95
2015-9-12,31,27,24,21,19,18,78,62,49,1015,1012,1011,10,10,10,32,19,40,0.00,1,,97
2015-9-13,31,27,23,22,20,19,83,69,49,1016,1014,1013,10,10,10,29,19,48,0.00,4,Rain,94
2015-9-14,30,27,24,23,22,20,94,79,58,1015,1013,1011,10,10,6,32,23,,0.00,4,Rain,96
2015-9-15,33,29,25,24,23,21,89,73,49,1013,1011,1010,10,10,10,26,14,,0.00,3,,102
2015-9-16,30,27,24,23,22,21,94,79,62,1014,1013,1011,10,9,1,27,11,,0.00,5,Rain,105
2015-9-17,30,27,24,22,19,18,83,67,48,1017,1015,1014,10,10,10,27,16,,0.00,3,,99
2015-9-18,30,26,22,20,18,15,83,62,40,1017,1015,1013,10,10,10,29,14,,0.00,3,,100
2015-9-19,31,26,22,20,18,16,83,62,43,1014,1012,1010,10,10,10,29,16,,0.00,3,,101
2015-9-20,31,28,25,21,20,18,74,65,51,1012,1010,1008,10,10,10,29,18,,0.00,6,,93
2015-9-21,30,28,25,22,22,20,83,69,58,1011,1009,1008,10,10,7,23,11,,0.00,5,,90
2015-9-22,33,29,25,24,22,21,83,69,52,1012,1010,1008,10,9,5,19,11,,0.00,2,,108
2015-9-23,33,29,25,23,22,20,89,64,49,1010,1008,1005,10,8,5,21,10,,0.00,2,,290
2015-9-24,31,28,25,24,22,21,89,76,62,1007,1006,1005,10,9,3,23,11,37,0.00,5,Rain,70
2015-9-25,30,27,24,22,21,18,89,68,51,1007,1005,1003,10,10,10,27,18,,0.00,5,,99
2015-9-26,28,26,24,21,21,19,83,73,61,1009,1008,1005,10,10,8,23,11,,0.00,6,Rain,94
2015-9-27,25,24,23,23,21,20,94,85,74,1009,1007,1005,10,6,2,13,6,,0.00,6,Rain,202
2015-9-28,29,27,24,24,24,23,94,83,74,1005,994,987,10,3,1,66,26,119,0.00,8,Rain-Thunderstorm,61
2015-9-29,32,30,28,25,24,23,79,71,62,1012,1003,988,10,9,3,82,42,121,0.00,6,Rain,110
2015-9-30,34,30,26,24,23,22,84,69,49,1015,1013,1011,10,10,9,14,8,,0.00,5,,61
