
CST,Max TemperatureC,Mean TemperatureC,Min TemperatureC,Dew PointC,MeanDew PointC,Min DewpointC,Max Humidity, Mean Humidity, Min Humidity, Max Sea Level PressurehPa, Mean Sea Level PressurehPa, Min Sea Level PressurehPa, Max VisibilityKm, Mean VisibilityKm, Min VisibilitykM, Max Wind SpeedKm/h, Mean Wind SpeedKm/h, Max Gust SpeedKm/h,Precipitationmm, CloudCover, Events,WindDirDegrees
2016-1-1,22,19,16,16,14,10,88,73,63,1029,1026,1023,10,9,6,34,24,,0.00,4,,100
2016-1-2,20,19,18,16,16,14,88,81,73,1024,1022,1021,10,5,3,14,5,,0.00,6,Rain,175
2016-1-3,20,19,18,18,17,16,94,87,83,1022,1021,1019,10,5,1,14,6,,0.00,6,Rain,107
2016-1-4,23,21,19,19,18,17,94,83,73,1021,1019,1018,10,7,5,13,6,,0.00,6,Rain,275
2016-1-5,24,21,19,20,18,16,94,86,73,1019,1017,1016,10,6,2,19,8,,0.00,6,Rain,104
2016-1-6,21,19,18,17,16,14,94,82,68,1023,1020,1016,10,8,1,23,11,,0.00,6,Rain-Thunderstorm,101
2016-1-7,19,18,17,14,13,12,82,74,68,1024,1022,1021,10,10,9,24,14,,0.00,6,Rain,97
2016-1-8,18,17,16,14,12,11,88,74,64,1023,1021,1020,10,9,6,21,11,29,0.00,6,Rain,89
2016-1-9,19,17,14,14,12,10,82,72,60,1024,1022,1020,10,10,9,35,21,,0.00,3,,98
2016-1-10,23,19,16,17,16,13,88,78,65,1021,1018,1016,10,9,7,23,10,,0.00,5,,100
2016-1-11,20,18,16,17,15,14,94,86,82,1019,1017,1015,10,6,4,19,6,,0.00,6,Rain,231
2016-1-12,17,16,14,15,12,11,94,80,68,1022,1021,1019,10,9,5,24,13,37,0.00,6,Rain,97
2016-1-13,15,14,13,12,11,10,88,80,72,1023,1022,1020,10,9,7,24,16,,0.00,6,Rain,104
2016-1-14,15,14,13,11,11,9,82,76,72,1023,1021,1019,10,7,6,24,13,,0.00,7,Rain,105
2016-1-15,17,16,14,14,13,11,88,81,77,1018,1017,1015,6,4,3,14,5,,0.00,7,Rain,118
2016-1-16,21,18,15,16,14,13,94,80,64,1019,1015,1012,10,9,4,34,14,,0.00,6,Rain,105
2016-1-17,19,17,14,16,15,11,94,87,77,1016,1011,1008,10,6,2,23,8,,0.00,6,Rain,276
2016-1-18,17,14,13,12,8,6,88,64,52,1021,1019,1016,10,9,7,27,11,,0.00,6,Rain,86
2016-1-19,15,14,13,11,10,8,88,82,63,1026,1023,1021,6,4,3,27,23,,0.00,6,Rain,105
2016-1-20,18,14,12,15,12,10,88,83,77,1026,1023,1020,10,9,5,34,24,,0.00,6,Rain,102
2016-1-21,18,17,15,16,14,13,94,87,82,1021,1019,1016,10,7,2,21,10,,0.00,6,Rain,215
2016-1-22,16,14,14,14,13,11,94,88,82,1022,1019,1015,10,7,3,29,18,,0.00,7,Rain,107
2016-1-23,15,11,8,13,7,2,88,77,66,1033,1028,1021,10,8,5,13,6,34,0.00,7,Rain,79
2016-1-24,8,6,4,2,-1,-4,87,65,49,1037,1036,1034,10,9,4,14,6,,0.00,6,Rain,322
2016-1-25,9,7,5,2,0,-4,66,60,49,1037,1034,1031,10,10,10,23,8,,0.00,6,,86
2016-1-26,19,13,8,10,7,2,71,58,46,1031,1027,1024,10,10,10,34,21,,0.00,4,,106
2016-1-27,24,19,15,14,12,9,77,62,47,1025,1023,1021,10,10,9,27,14,,0.00,6,Rain,111
2016-1-28,19,17,16,17,15,14,88,85,78,1022,1020,1016,10,7,3,29,8,,0.00,6,Rain,258
2016-1-29,18,17,17,16,16,15,94,89,83,1022,1019,1016,10,7,1,27,8,,0.00,6,Rain,242
2016-1-30,18,17,16,16,13,11,94,79,72,1024,1022,1018,10,9,5,16,8,34,0.00,6,Rain,85
2016-1-31,19,17,16,16,13,12,88,74,64,1025,1022,1019,10,10,6,40,23,55,0.00,6,Rain,93
