
CST,Max TemperatureC,Mean TemperatureC,Min TemperatureC,Dew PointC,MeanDew PointC,Min DewpointC,Max Humidity, Mean Humidity, Min Humidity, Max Sea Level PressurehPa, Mean Sea Level PressurehPa, Min Sea Level PressurehPa, Max VisibilityKm, Mean VisibilityKm, Min VisibilitykM, Max Wind SpeedKm/h, Mean Wind SpeedKm/h, Max Gust SpeedKm/h,Precipitationmm, CloudCover, Events,WindDirDegrees
2015-6-1,31,28,26,24,23,21,84,72,58,1011,1009,1007,10,10,7,23,8,,0.00,6,Rain,280
2015-6-2,34,30,26,24,23,20,89,66,44,1011,1009,1008,10,9,6,24,10,,0.00,5,Rain,89
2015-6-3,34,30,27,24,22,19,84,59,43,1011,1009,1007,10,10,10,29,13,,0.00,6,,266
2015-6-4,31,28,26,24,23,21,89,76,55,1011,1009,1007,10,9,6,21,10,,0.00,6,Rain,32
2015-6-5,36,30,25,24,22,19,84,64,39,1008,1006,1004,10,10,7,27,13,47,0.00,6,Rain-Thunderstorm,276
2015-6-6,30,27,24,25,24,22,94,85,70,1011,1009,1008,10,7,3,24,18,,0.00,6,Rain-Thunderstorm,103
2015-6-7,32,28,25,25,24,23,100,80,59,1011,1009,1008,10,8,2,23,8,,0.00,6,Rain-Thunderstorm,99
2015-6-8,34,29,25,24,22,18,89,62,38,1009,1007,1006,10,10,10,24,10,,0.00,6,,273
2015-6-9,35,30,26,24,22,18,83,59,39,1008,1006,1005,10,10,10,24,11,,0.00,5,,261
2015-6-10,35,30,26,24,22,19,83,59,39,1008,1007,1004,10,10,10,21,10,,0.00,5,,32
2015-6-11,36,32,28,24,22,19,74,56,37,1009,1007,1005,10,10,10,29,13,,0.00,5,,273
2015-6-12,34,30,27,26,24,21,89,68,49,1009,1008,1007,10,9,1,21,10,47,0.00,6,Rain,38
2015-6-13,35,30,25,25,23,21,89,71,46,1010,1008,1006,10,9,1,27,8,,0.00,5,Rain-Thunderstorm,94
2015-6-14,34,29,24,26,24,22,100,77,49,1011,1009,1008,10,8,1,45,8,34,0.00,5,Rain-Thunderstorm,308
2015-6-15,33,29,26,26,24,23,100,73,59,1011,1009,1008,10,10,9,21,6,,0.00,5,Rain,57
2015-6-16,34,30,27,25,24,22,84,67,49,1009,1007,1005,10,10,10,19,8,,0.00,5,,274
2015-6-17,36,31,27,24,23,20,84,61,39,1006,1004,1002,10,10,10,23,10,48,0.00,3,,256
2015-6-18,35,31,27,24,21,18,84,56,36,1006,1003,1002,10,10,10,27,13,,0.00,5,,267
2015-6-19,34,30,27,25,24,21,89,67,46,1009,1006,1005,10,10,10,27,11,,0.00,5,,107
2015-6-20,34,30,27,25,23,21,84,69,52,1008,1007,1007,10,10,9,24,11,,0.00,5,Rain,315
2015-6-21,34,30,26,26,24,22,94,76,52,1009,1007,1006,10,8,2,23,10,,0.00,5,Rain-Thunderstorm,125
2015-6-22,34,30,26,25,23,21,89,69,46,1009,1007,1006,10,10,8,16,8,132,0.00,5,Rain-Thunderstorm,113
2015-6-23,34,30,26,26,24,20,94,74,44,1010,1008,1007,10,9,4,21,8,,0.00,5,Rain-Thunderstorm,175
2015-6-24,34,30,26,26,25,23,94,82,52,1010,1008,1007,10,8,1,23,6,,0.00,6,Rain-Thunderstorm,82
2015-6-25,37,31,26,26,24,23,94,64,47,1008,1006,1004,10,10,10,27,10,,0.00,5,,267
2015-6-26,37,32,28,25,23,22,79,59,42,1008,1006,1005,10,10,10,27,14,,0.00,4,,273
2015-6-27,36,32,29,25,23,21,74,58,44,1009,1007,1006,10,10,10,39,18,,0.00,4,,257
2015-6-28,36,32,29,25,23,21,74,57,41,1009,1008,1007,10,10,10,42,16,61,0.00,5,,274
2015-6-29,35,32,29,24,23,22,74,58,47,1008,1006,1004,10,10,10,32,16,52,0.00,4,,262
2015-6-30,35,31,28,24,22,21,74,56,44,1006,1004,1001,10,10,10,26,13,,0.00,5,,275
