
CST,Max TemperatureC,Mean TemperatureC,Min TemperatureC,Dew PointC,MeanDew PointC,Min DewpointC,Max Humidity, Mean Humidity, Min Humidity, Max Sea Level PressurehPa, Mean Sea Level PressurehPa, Min Sea Level PressurehPa, Max VisibilityKm, Mean VisibilityKm, Min VisibilitykM, Max Wind SpeedKm/h, Mean Wind SpeedKm/h, Max Gust SpeedKm/h,Precipitationmm, CloudCover, Events,WindDirDegrees
2016-3-1,18,14,11,7,6,3,67,52,42,1029,1026,1025,10,10,10,34,24,52,0.00,2,,87
2016-3-2,23,18,14,10,8,7,72,53,36,1026,1023,1021,10,10,10,26,21,,0.00,1,,97
2016-3-3,26,19,12,12,9,6,82,55,33,1023,1021,1019,10,10,10,21,8,,0.00,2,,53
2016-3-4,27,21,15,16,13,8,83,64,32,1021,1019,1016,10,10,10,16,6,,0.00,5,,301
2016-3-5,28,23,18,17,16,13,83,64,39,1019,1016,1013,10,9,6,21,6,,0.00,6,,76
2016-3-6,26,22,18,17,16,14,88,72,47,1017,1015,1013,10,9,5,24,8,,0.00,4,,282
2016-3-7,27,22,18,18,17,16,88,73,54,1017,1015,1013,10,8,5,21,10,,0.00,5,,82
2016-3-8,28,24,20,19,18,16,88,74,48,1015,1012,1009,10,5,3,16,6,,0.00,6,Rain,292
2016-3-9,22,18,14,20,14,11,88,82,68,1019,1016,1010,10,8,3,39,14,40,0.00,6,Rain-Thunderstorm,90
2016-3-10,15,13,11,13,9,8,88,81,77,1026,1022,1019,10,9,5,19,14,35,0.00,7,Rain,90
2016-3-11,13,12,11,10,9,9,88,86,82,1025,1023,1022,10,9,6,23,13,,0.00,6,Rain,104
2016-3-12,17,14,12,14,13,10,94,88,77,1023,1019,1016,10,7,4,26,18,,0.00,6,Rain,107
2016-3-13,20,18,15,16,15,13,94,86,77,1017,1014,1011,8,5,3,21,5,,0.00,7,Rain-Thunderstorm,240
2016-3-14,15,14,14,14,9,7,94,69,59,1022,1020,1017,10,9,5,24,11,37,0.00,6,Rain,81
2016-3-15,15,14,13,14,12,8,94,85,67,1021,1018,1016,10,5,1,27,21,,0.00,6,Rain,95
2016-3-16,17,16,15,15,14,13,94,89,82,1018,1017,1015,8,5,1,16,6,,0.00,7,Rain,139
2016-3-17,23,19,16,18,17,15,94,83,69,1017,1015,1013,10,7,4,24,10,,0.00,5,Rain,115
2016-3-18,23,20,18,19,18,16,94,87,78,1013,1012,1010,10,4,1,14,6,,0.00,6,Rain-Thunderstorm,279
2016-3-19,21,20,19,19,18,15,94,89,78,1018,1014,1011,10,3,1,29,10,,0.00,7,Rain-Thunderstorm,273
2016-3-20,20,18,16,16,14,12,83,74,64,1019,1017,1016,10,9,5,27,21,,0.00,6,Rain,93
2016-3-21,20,18,16,16,14,12,88,80,64,1018,1017,1015,10,8,5,29,19,,0.00,6,Rain,100
2016-3-22,24,21,18,17,16,16,94,82,61,1016,1014,1012,9,7,4,21,10,,0.00,6,Rain,275
2016-3-23,18,16,14,16,15,10,94,86,72,1022,1015,1012,10,6,4,23,13,,0.00,7,Rain,97
2016-3-24,14,12,11,11,8,7,88,77,67,1025,1023,1021,10,10,8,19,13,,0.00,6,Rain,94
2016-3-25,12,11,11,10,9,8,94,87,82,1026,1024,1022,10,6,3,16,6,,0.00,6,Rain,130
2016-3-26,17,13,10,9,6,3,94,62,39,1026,1024,1022,10,10,7,29,10,,0.00,2,,88
2016-3-27,17,13,11,10,7,6,82,66,52,1027,1025,1023,10,10,10,14,6,,0.00,5,Rain,89
2016-3-28,21,14,8,8,5,2,87,53,30,1027,1025,1023,10,10,6,26,11,42,0.00,1,,88
2016-3-29,25,18,11,11,7,4,77,48,29,1024,1022,1020,10,10,10,21,8,,0.00,3,,282
2016-3-30,23,19,16,15,13,11,83,67,50,1021,1019,1016,10,9,6,23,5,,0.00,5,,19
2016-3-31,22,20,18,17,16,14,88,76,64,1017,1015,1013,10,4,2,21,6,,0.00,6,Rain,262
