
CST,Max TemperatureC,Mean TemperatureC,Min TemperatureC,Dew PointC,MeanDew PointC,Min DewpointC,Max Humidity, Mean Humidity, Min Humidity, Max Sea Level PressurehPa, Mean Sea Level PressurehPa, Min Sea Level PressurehPa, Max VisibilityKm, Mean VisibilityKm, Min VisibilitykM, Max Wind SpeedKm/h, Mean Wind SpeedKm/h, Max Gust SpeedKm/h,Precipitationmm, CloudCover, Events,WindDirDegrees
2016-6-1,38,33,29,24,21,17,74,52,29,1007,1004,1000,10,10,10,42,19,53,0.00,4,,272
2016-6-2,31,28,25,24,23,20,89,79,52,1007,1006,1003,10,8,1,23,11,,0.00,6,Rain-Thunderstorm,97
2016-6-3,34,29,25,24,24,23,89,72,52,1007,1005,1003,10,9,2,26,13,,0.00,5,Rain-Thunderstorm,281
2016-6-4,36,32,28,24,22,21,79,57,44,1009,1006,1004,10,10,10,34,14,47,0.00,2,,273
2016-6-5,33,28,24,24,22,20,89,73,52,1011,1009,1007,10,9,4,27,10,,0.00,5,Rain-Thunderstorm,100
2016-6-6,28,26,24,24,22,21,89,78,66,1010,1009,1008,10,8,0,16,8,35,0.00,6,Rain-Thunderstorm,299
2016-6-7,33,29,25,23,23,22,89,74,52,1010,1008,1007,10,9,5,32,8,,0.00,5,Rain-Thunderstorm,97
2016-6-8,33,29,25,22,21,20,83,63,46,1008,1007,1005,10,10,10,26,8,,0.00,5,Thunderstorm,98
2016-6-9,33,29,26,24,22,21,89,70,52,1008,1007,1006,10,9,2,24,8,,0.00,5,Rain-Thunderstorm,105
2016-6-10,31,28,25,24,23,21,84,75,58,1009,1008,1007,10,8,2,19,6,,0.00,6,Rain,74
2016-6-11,29,27,26,24,22,21,84,72,66,1008,1007,1006,10,9,5,23,6,39,0.00,6,Rain,281
2016-6-12,32,29,26,23,22,20,83,66,52,1007,1005,1003,10,10,8,29,10,48,0.00,6,Rain,253
2016-6-13,33,29,25,23,22,18,89,68,46,1005,1004,1002,10,8,2,35,11,52,0.00,6,Rain,275
2016-6-14,29,27,24,23,23,20,89,85,58,1006,1005,1002,10,7,3,16,6,,0.00,6,Rain-Thunderstorm,256
2016-6-15,35,29,24,24,23,21,89,65,47,1006,1005,1003,10,10,10,29,11,,0.00,5,,276
2016-6-16,36,32,28,23,22,20,74,56,44,1007,1005,1003,10,10,10,34,14,,0.00,4,,266
2016-6-17,34,29,25,25,23,21,89,75,49,1013,1009,1006,10,7,1,26,11,40,0.00,5,Rain-Thunderstorm,95
2016-6-18,33,29,25,24,23,22,89,74,52,1014,1012,1010,10,9,5,21,8,,0.00,5,Rain-Thunderstorm,295
2016-6-19,34,29,25,23,22,21,83,63,49,1013,1011,1009,10,10,10,14,6,,0.00,4,,329
2016-6-20,36,31,26,25,23,21,84,66,41,1011,1009,1008,10,9,2,24,8,27,0.00,4,Rain-Thunderstorm,228
2016-6-21,35,30,26,24,22,21,79,65,44,1011,1009,1009,10,10,10,26,8,,0.00,5,Rain-Thunderstorm,120
2016-6-22,36,31,26,24,23,22,78,61,47,1010,1008,1007,10,10,10,19,8,,0.00,3,,256
2016-6-23,35,31,28,25,24,23,74,66,49,1010,1008,1007,10,10,6,19,6,,0.00,4,Rain-Thunderstorm,97
2016-6-24,35,31,28,25,23,21,79,65,46,1009,1008,1007,10,10,4,16,8,,0.00,5,Rain-Thunderstorm,253
2016-6-25,,,,,,,,,,,,,,,,,,,,,,
