
CST,Max TemperatureC,Mean TemperatureC,Min TemperatureC,Dew PointC,MeanDew PointC,Min DewpointC,Max Humidity, Mean Humidity, Min Humidity, Max Sea Level PressurehPa, Mean Sea Level PressurehPa, Min Sea Level PressurehPa, Max VisibilityKm, Mean VisibilityKm, Min VisibilitykM, Max Wind SpeedKm/h, Mean Wind SpeedKm/h, Max Gust SpeedKm/h,Precipitationmm, CloudCover, Events,WindDirDegrees
2015-7-1,36,32,29,23,22,20,62,54,44,1003,1002,1000,10,10,10,35,21,52,0.00,6,,260
2015-7-2,37,33,28,25,23,20,84,59,39,1005,1002,1001,10,10,10,24,13,,0.00,5,Thunderstorm,248
2015-7-3,34,30,27,25,24,21,84,67,49,1005,1003,1002,10,10,10,21,10,,0.00,5,,26
2015-7-4,34,30,27,25,24,23,84,70,52,1005,1004,1002,10,10,7,24,10,,0.00,6,Rain-Thunderstorm,184
2015-7-5,34,30,27,25,23,23,84,64,52,1004,1001,999,10,10,10,39,23,,0.00,4,,99
2015-7-6,35,32,29,25,23,21,70,59,46,1001,999,997,10,10,10,37,21,48,0.00,4,Thunderstorm,111
2015-7-7,35,31,28,24,22,19,74,57,49,1000,999,997,10,10,10,35,16,,0.00,4,,109
2015-7-8,35,32,29,23,22,20,66,55,44,1002,999,997,10,10,10,47,31,66,0.00,4,,103
2015-7-9,33,30,27,27,24,23,100,75,62,1002,1000,999,10,8,3,27,18,40,0.00,5,Rain,81
2015-7-10,28,27,25,26,23,21,94,82,66,998,993,990,10,4,1,45,19,77,0.00,6,Rain,276
2015-7-11,33,30,28,23,22,20,66,57,52,997,993,990,10,10,10,50,34,80,0.00,6,Rain,258
2015-7-12,35,31,28,25,23,20,84,66,46,1003,1000,997,10,9,2,21,11,,0.00,5,Rain,193
2015-7-13,33,30,27,25,23,21,89,66,49,1004,1003,1001,10,10,8,23,11,,0.00,3,,319
2015-7-14,35,31,26,24,22,20,79,60,44,1004,1003,1001,10,9,6,29,11,,0.00,4,,19
2015-7-15,34,30,26,24,22,20,79,63,44,1003,1002,1001,10,10,9,26,10,,0.00,2,,72
2015-7-16,35,31,27,23,22,19,79,60,41,1002,1000,999,10,9,6,19,8,,0.00,2,,90
2015-7-17,33,30,27,24,23,21,74,64,55,1003,1002,1000,10,9,6,27,11,,0.00,3,,100
2015-7-18,35,30,26,23,22,21,83,60,44,1004,1003,1001,10,10,10,23,11,,0.00,2,,95
2015-7-19,34,30,27,26,23,22,94,71,49,1007,1004,1003,10,8,1,21,11,,0.00,5,Rain-Thunderstorm,280
2015-7-20,31,28,26,25,24,23,89,73,62,1009,1008,1006,10,10,4,23,11,,0.00,6,Rain,97
2015-7-21,36,31,26,24,22,20,89,61,39,1009,1008,1007,10,10,10,24,10,,0.00,6,,99
2015-7-22,35,31,27,25,23,20,79,67,44,1010,1008,1006,10,10,10,26,10,,0.00,6,Rain,106
2015-7-23,35,30,25,25,23,21,100,77,46,1011,1010,1009,10,8,1,23,8,37,0.00,5,Rain-Thunderstorm,80
2015-7-24,34,29,25,26,23,21,100,72,46,1010,1008,1007,10,9,1,23,10,34,0.00,4,Rain-Thunderstorm,33
2015-7-25,35,30,26,24,23,18,84,65,39,1009,1008,1006,10,10,10,21,10,37,0.00,4,,302
2015-7-26,35,31,28,24,21,19,74,56,39,1012,1010,1008,10,10,10,23,13,,0.00,3,,253
2015-7-27,35,31,27,24,22,20,79,63,41,1013,1011,1010,10,10,10,23,10,,0.00,4,Rain-Thunderstorm,247
2015-7-28,36,30,25,24,22,18,89,67,34,1013,1011,1010,10,9,1,32,10,39,0.00,5,Rain-Thunderstorm,267
2015-7-29,34,29,25,24,22,19,83,64,41,1013,1012,1009,10,10,8,19,8,,0.00,5,Rain-Thunderstorm,293
2015-7-30,34,30,27,24,23,22,79,69,49,1013,1012,1011,10,10,9,19,6,,0.00,4,Rain-Thunderstorm,269
2015-7-31,34,29,25,23,22,18,83,61,43,1013,1011,1009,10,10,10,19,8,,0.00,3,,300
