
CST,Max TemperatureC,Mean TemperatureC,Min TemperatureC,Dew PointC,MeanDew PointC,Min DewpointC,Max Humidity, Mean Humidity, Min Humidity, Max Sea Level PressurehPa, Mean Sea Level PressurehPa, Min Sea Level PressurehPa, Max VisibilityKm, Mean VisibilityKm, Min VisibilitykM, Max Wind SpeedKm/h, Mean Wind SpeedKm/h, Max Gust SpeedKm/h,Precipitationmm, CloudCover, Events,WindDirDegrees
2016-4-1,23,20,18,16,16,14,83,72,61,1016,1015,1014,10,9,5,26,21,,0.00,6,,99
2016-4-2,30,24,19,18,17,16,83,63,43,1017,1015,1013,10,8,5,23,5,,0.00,4,,309
2016-4-3,29,24,21,21,19,18,83,70,54,1015,1013,1011,10,7,3,27,6,,0.00,5,,299
2016-4-4,28,24,21,20,19,18,88,77,54,1015,1013,1011,10,6,4,23,10,,0.00,6,,115
2016-4-5,28,24,20,19,18,17,88,72,58,1016,1014,1013,10,6,5,23,8,,0.00,4,,235
2016-4-6,32,26,21,20,19,17,88,68,40,1015,1013,1010,10,6,4,23,6,,0.00,3,,283
2016-4-7,33,28,23,22,21,19,83,68,46,1014,1013,1012,10,7,4,23,6,,0.00,4,,327
2016-4-8,30,26,21,21,19,18,88,78,58,1015,1014,1013,9,6,3,24,11,,0.00,6,,123
2016-4-9,27,23,21,19,19,18,88,76,61,1015,1012,1009,10,6,5,19,8,,0.00,6,,304
2016-4-10,28,24,20,20,19,18,88,80,58,1013,1010,1008,10,7,4,24,11,,0.00,6,Rain-Thunderstorm,293
2016-4-11,21,20,19,19,18,17,94,86,78,1014,1012,1011,10,8,3,24,16,,0.00,7,Rain,109
2016-4-12,26,23,20,20,19,18,94,79,65,1013,1010,1007,10,7,3,16,6,,0.00,6,Rain,104
2016-4-13,26,23,21,20,19,18,94,83,61,1009,1006,1003,10,5,2,40,10,69,0.00,6,Rain-Thunderstorm,278
2016-4-14,22,21,20,19,18,16,94,84,73,1014,1011,1008,10,7,2,29,16,,0.00,6,Rain-Thunderstorm,101
2016-4-15,24,21,18,21,18,15,88,81,73,1015,1013,1011,10,8,3,34,21,,0.00,6,Rain,95
2016-4-16,28,24,22,22,21,19,94,75,61,1012,1010,1007,10,7,4,21,8,26,0.00,5,Rain,296
2016-4-17,26,23,20,22,19,17,88,81,69,1015,1013,1011,10,8,3,32,14,45,0.00,6,Rain,111
2016-4-18,22,19,17,20,16,14,88,84,77,1021,1016,1011,10,8,2,29,13,61,0.00,6,Rain,109
2016-4-19,25,21,17,18,16,14,82,69,61,1021,1019,1017,10,10,10,34,23,48,0.00,3,,92
2016-4-20,32,26,20,20,19,17,88,68,46,1018,1014,1012,10,9,6,24,6,,0.00,3,,281
2016-4-21,32,27,22,23,21,19,88,70,52,1013,1011,1009,10,9,5,19,6,,0.00,5,,301
2016-4-22,31,27,24,23,21,20,83,73,55,1011,1010,1009,10,9,6,19,10,,0.00,5,,350
2016-4-23,31,26,22,22,21,19,88,69,49,1011,1010,1008,10,9,7,16,6,,0.00,6,,305
2016-4-24,29,26,23,23,21,18,89,77,54,1012,1010,1008,10,9,3,16,5,,0.00,6,Rain,35
2016-4-25,29,26,22,22,21,20,88,80,62,1013,1012,1010,10,7,5,24,11,,0.00,6,Rain,104
2016-4-26,31,26,22,23,21,20,89,74,55,1013,1010,1008,10,6,4,19,11,,0.00,6,Rain,89
2016-4-27,31,27,23,23,21,18,94,73,46,1009,1007,1005,10,9,0,27,10,40,0.00,6,Rain-Thunderstorm,305
2016-4-28,26,22,18,22,18,13,89,79,68,1016,1011,1007,10,6,2,29,18,35,0.00,6,Rain,90
2016-4-29,25,21,17,14,13,10,77,58,39,1017,1015,1014,10,8,6,27,18,39,0.00,1,,86
2016-4-30,28,24,20,19,17,13,78,66,45,1014,1013,1011,9,6,4,19,10,,0.00,5,Rain,143
