
CST,Max TemperatureC,Mean TemperatureC,Min TemperatureC,Dew PointC,MeanDew PointC,Min DewpointC,Max Humidity, Mean Humidity, Min Humidity, Max Sea Level PressurehPa, Mean Sea Level PressurehPa, Min Sea Level PressurehPa, Max VisibilityKm, Mean VisibilityKm, Min VisibilitykM, Max Wind SpeedKm/h, Mean Wind SpeedKm/h, Max Gust SpeedKm/h,Precipitationmm, CloudCover, Events,WindDirDegrees
2015-11-1,24,22,21,19,18,16,88,76,65,1022,1021,1019,10,10,8,26,21,,0.00,6,Rain,100
2015-11-2,22,20,19,19,17,15,88,80,73,1023,1021,1019,10,8,4,24,18,,0.00,7,,104
2015-11-3,23,22,21,20,19,17,88,82,78,1022,1021,1020,10,8,5,29,21,47,0.00,6,Rain,98
2015-11-4,28,24,22,23,21,20,89,77,65,1020,1017,1015,10,9,5,32,23,,0.00,5,Rain,94
2015-11-5,33,28,23,22,21,19,83,67,43,1018,1016,1013,10,10,10,23,11,,0.00,2,,93
2015-11-6,32,29,26,22,21,20,74,64,49,1017,1015,1013,10,10,10,32,23,,0.00,4,,98
2015-11-7,31,27,24,22,22,20,89,72,55,1018,1016,1015,10,5,3,19,8,,0.00,3,,294
2015-11-8,30,27,23,22,21,20,89,72,58,1018,1016,1014,10,6,4,19,6,,0.00,2,,93
2015-11-9,29,24,21,22,20,18,83,75,58,1021,1017,1016,10,8,3,26,11,,0.00,6,,80
2015-11-10,23,21,20,18,16,13,83,71,57,1022,1020,1019,10,10,10,32,23,52,0.00,6,,96
2015-11-11,23,21,20,18,17,15,88,79,61,1021,1020,1019,10,9,4,35,27,,0.00,6,Rain,99
2015-11-12,27,23,21,20,19,17,88,76,65,1021,1018,1016,10,10,5,29,24,47,0.00,6,,95
2015-11-13,28,24,22,21,20,19,88,75,61,1016,1015,1014,10,9,6,21,10,,0.00,5,Rain,294
2015-11-14,27,24,22,21,19,17,88,76,65,1017,1015,1014,10,10,7,27,19,,0.00,6,,102
2015-11-15,27,24,22,20,19,18,83,71,61,1019,1017,1015,10,10,10,35,24,,0.00,4,,93
2015-11-16,32,27,23,21,19,16,83,65,38,1016,1014,1012,10,9,6,26,16,,0.00,2,,76
2015-11-17,32,27,23,21,19,16,83,63,38,1016,1014,1013,10,10,8,16,5,,0.00,2,,100
2015-11-18,31,27,24,22,21,19,83,68,52,1019,1016,1014,10,10,7,24,8,,0.00,3,,302
2015-11-19,27,24,23,20,19,19,83,74,61,1020,1019,1017,10,10,10,27,23,,0.00,3,,95
2015-11-20,27,24,21,21,20,19,88,75,65,1020,1018,1016,10,10,7,29,24,,0.00,5,Rain,91
2015-11-21,26,23,21,20,19,18,94,77,61,1020,1018,1016,10,10,7,27,18,,0.00,6,Rain,101
2015-11-22,28,26,23,21,19,18,88,72,58,1018,1017,1016,10,10,10,35,21,,0.00,4,Rain,91
2015-11-23,27,24,22,21,19,17,88,74,61,1019,1017,1015,10,10,9,29,21,40,0.00,5,Rain,89
2015-11-24,24,23,22,17,17,16,73,70,65,1019,1017,1015,10,10,10,24,16,,0.00,6,Rain,88
2015-11-25,24,21,18,17,16,13,78,70,61,1021,1017,1015,10,10,10,24,13,,0.00,6,Rain,92
2015-11-26,18,16,13,12,6,3,68,53,40,1026,1024,1021,10,10,10,24,13,,0.00,4,,74
2015-11-27,19,16,13,11,7,4,72,56,43,1027,1025,1023,10,10,10,34,23,,0.00,3,,95
2015-11-28,24,19,15,17,14,11,82,67,57,1025,1023,1022,10,10,10,29,21,,0.00,3,,94
2015-11-29,27,23,19,17,16,11,78,63,39,1022,1021,1019,10,10,10,21,11,,0.00,5,,270
2015-11-30,23,21,19,18,17,16,88,79,69,1021,1020,1018,10,10,7,26,13,,0.00,6,Rain,100
