
CST,Max TemperatureC,Mean TemperatureC,Min TemperatureC,Dew PointC,MeanDew PointC,Min DewpointC,Max Humidity, Mean Humidity, Min Humidity, Max Sea Level PressurehPa, Mean Sea Level PressurehPa, Min Sea Level PressurehPa, Max VisibilityKm, Mean VisibilityKm, Min VisibilitykM, Max Wind SpeedKm/h, Mean Wind SpeedKm/h, Max Gust SpeedKm/h,Precipitationmm, CloudCover, Events,WindDirDegrees
2015-4-1,32,27,23,21,21,16,88,69,40,1014,1012,1010,10,9,5,23,8,,0.00,4,,294
2015-4-2,32,27,22,22,21,16,88,69,38,1011,1008,1006,10,9,6,21,5,,0.00,5,,82
2015-4-3,32,27,22,22,20,17,88,67,40,1010,1008,1006,10,9,5,21,8,,0.00,4,,97
2015-4-4,32,27,23,22,20,18,83,64,43,1013,1010,1009,10,9,7,19,8,,0.00,3,,5
2015-4-5,33,27,22,22,21,19,88,63,46,1013,1011,1010,10,10,10,23,10,,0.00,2,,120
2015-4-6,33,27,22,22,21,17,89,66,38,1015,1012,1010,10,10,7,26,10,,0.00,4,Rain,208
2015-4-7,21,18,16,18,14,11,83,75,72,1023,1018,1015,10,10,10,32,24,47,0.00,6,Rain,92
2015-4-8,16,14,14,13,12,10,94,78,68,1023,1022,1021,10,10,5,27,19,,0.00,6,Rain,97
2015-4-9,19,17,15,16,14,13,94,85,77,1021,1019,1017,10,10,7,32,21,,0.00,7,Rain,103
2015-4-10,18,17,15,17,14,12,100,85,77,1021,1019,1017,10,9,4,26,19,,0.00,6,Rain,100
2015-4-11,17,16,15,16,14,12,100,87,77,1021,1020,1018,10,8,4,26,18,,0.00,7,Rain,103
2015-4-12,20,18,16,17,17,14,100,92,82,1020,1018,1017,10,5,1,13,3,,0.00,7,Fog-Rain,122
2015-4-13,22,19,16,15,12,9,88,66,46,1020,1018,1015,10,10,8,24,10,,0.00,4,,92
2015-4-14,23,18,13,12,6,1,82,44,25,1019,1017,1015,10,10,10,37,11,60,0.00,2,,289
2015-4-15,27,19,12,12,7,1,72,42,20,1017,1016,1014,10,10,10,23,6,,0.00,4,,315
2015-4-16,30,24,18,18,14,10,83,57,35,1016,1014,1012,10,10,8,21,6,,0.00,3,,318
2015-4-17,28,23,19,21,19,16,88,74,51,1015,1013,1012,10,7,4,23,8,,0.00,4,,293
2015-4-18,31,26,22,23,21,18,94,76,48,1013,1010,1009,10,6,1,21,6,,0.00,6,Rain-Thunderstorm,330
2015-4-19,31,27,24,23,21,19,83,74,49,1010,1007,1005,10,9,3,19,6,,0.00,5,Rain-Thunderstorm,67
2015-4-20,32,24,18,21,18,13,88,66,31,1014,1008,1004,10,9,4,39,16,53,0.00,6,Rain,294
2015-4-21,19,18,17,16,15,15,88,83,78,1018,1015,1012,10,8,4,29,23,,0.00,6,Rain,99
2015-4-22,22,19,17,16,14,12,94,73,60,1021,1019,1017,10,10,7,27,18,,0.00,6,Rain,99
2015-4-23,27,23,19,19,17,14,78,68,58,1020,1018,1016,10,10,10,26,24,,0.00,5,,88
2015-4-24,27,23,21,21,19,17,83,75,65,1019,1017,1016,10,10,10,26,14,,0.00,6,Rain,101
2015-4-25,25,23,21,22,16,13,100,66,53,1019,1018,1016,10,10,10,39,26,50,0.00,5,,100
2015-4-26,28,24,21,18,17,14,73,62,51,1018,1015,1013,10,10,10,27,21,,0.00,5,,95
2015-4-27,31,27,23,21,19,17,78,65,45,1015,1013,1011,10,9,8,19,8,,0.00,4,,360
2015-4-28,29,27,24,21,19,18,83,69,51,1012,1010,1009,10,8,5,24,11,,0.00,6,Rain,294
2015-4-29,30,27,23,21,21,20,88,70,55,1012,1010,1009,10,9,6,21,11,,0.00,5,Rain,297
2015-4-30,26,23,22,21,18,17,83,73,65,1014,1012,1011,10,7,5,35,21,,0.00,4,,98
