
CST,Max TemperatureC,Mean TemperatureC,Min TemperatureC,Dew PointC,MeanDew PointC,Min DewpointC,Max Humidity, Mean Humidity, Min Humidity, Max Sea Level PressurehPa, Mean Sea Level PressurehPa, Min Sea Level PressurehPa, Max VisibilityKm, Mean VisibilityKm, Min VisibilitykM, Max Wind SpeedKm/h, Mean Wind SpeedKm/h, Max Gust SpeedKm/h,Precipitationmm, CloudCover, Events,WindDirDegrees
2015-2-1,18,16,13,11,11,10,88,74,59,1028,1027,1025,10,10,10,34,26,,0.00,5,,99
2015-2-2,21,18,16,14,13,11,82,73,60,1027,1025,1024,10,10,10,32,23,,0.00,4,,93
2015-2-3,18,17,15,16,15,13,100,88,82,1026,1024,1022,10,7,2,23,13,,0.00,6,Rain,107
2015-2-4,16,14,14,14,12,10,88,81,72,1025,1024,1022,10,9,7,21,13,,0.00,6,Rain,102
2015-2-5,14,12,11,9,6,3,82,64,54,1028,1027,1025,9,5,4,16,10,,0.00,6,Rain,78
2015-2-6,13,11,10,11,9,4,88,83,58,1027,1024,1023,10,10,6,23,18,,0.00,6,Rain,105
2015-2-7,22,17,12,14,12,10,94,73,46,1023,1020,1017,10,10,8,16,10,,0.00,6,Rain,124
2015-2-8,17,14,12,13,6,1,82,59,47,1028,1026,1021,10,8,5,27,13,40,0.00,6,Rain,78
2015-2-9,12,10,9,7,6,1,82,67,47,1029,1027,1026,10,10,10,21,13,,0.00,6,Rain,106
2015-2-10,16,13,11,8,7,6,77,63,52,1026,1022,1019,10,10,10,26,14,,0.00,6,,102
2015-2-11,19,14,11,11,9,0,82,66,44,1019,1017,1015,10,10,9,16,6,,0.00,5,,285
2015-2-12,21,16,10,11,4,0,82,49,25,1021,1019,1016,10,9,6,26,11,,0.00,4,,311
2015-2-13,23,16,9,9,7,4,76,52,31,1021,1019,1016,10,10,10,27,16,,0.00,2,,104
2015-2-14,25,20,15,13,10,7,67,52,36,1020,1018,1016,10,10,10,27,18,,0.00,4,,111
2015-2-15,27,21,16,14,12,11,82,62,42,1020,1017,1014,10,9,4,23,10,,0.00,6,Rain,258
2015-2-16,24,20,16,17,15,13,94,76,57,1019,1016,1014,10,8,3,34,11,,0.00,4,Rain,138
2015-2-17,22,19,17,15,13,11,78,68,53,1021,1017,1015,10,8,4,32,23,,0.00,3,,91
2015-2-18,20,18,16,12,10,9,72,62,56,1023,1021,1019,10,9,6,35,26,50,0.00,5,,94
2015-2-19,18,17,16,11,9,8,72,63,52,1025,1023,1022,10,10,8,37,29,48,0.00,5,,97
2015-2-20,25,20,16,14,12,11,82,65,41,1022,1019,1017,10,10,8,23,14,34,0.00,5,,76
2015-2-21,27,21,16,17,14,11,88,64,39,1019,1016,1013,10,9,4,23,6,,0.00,5,Rain,271
2015-2-22,21,19,18,17,16,15,88,80,73,1019,1017,1015,10,8,4,26,11,,0.00,6,,104
2015-2-23,23,20,18,18,16,15,88,83,73,1018,1016,1015,10,7,4,24,13,,0.00,7,Rain,277
2015-2-24,24,19,15,17,15,14,100,86,53,1018,1016,1013,10,7,1,23,11,,0.00,6,Rain-Thunderstorm,273
2015-2-25,24,20,17,17,16,15,88,77,61,1016,1014,1012,10,7,4,21,10,,0.00,4,,281
2015-2-26,23,20,17,18,16,15,88,82,69,1018,1016,1013,10,8,4,21,8,,0.00,6,,172
2015-2-27,24,21,18,18,17,15,94,82,69,1020,1018,1014,10,9,2,34,19,,0.00,6,Rain,119
2015-2-28,23,20,17,16,15,14,88,81,65,1020,1017,1014,10,10,8,21,10,,0.00,6,,145
