
CST,Max TemperatureC,Mean TemperatureC,Min TemperatureC,Dew PointC,MeanDew PointC,Min DewpointC,Max Humidity, Mean Humidity, Min Humidity, Max Sea Level PressurehPa, Mean Sea Level PressurehPa, Min Sea Level PressurehPa, Max VisibilityKm, Mean VisibilityKm, Min VisibilitykM, Max Wind SpeedKm/h, Mean Wind SpeedKm/h, Max Gust SpeedKm/h,Precipitationmm, CloudCover, Events,WindDirDegrees
2016-5-1,27,23,21,21,19,18,88,80,61,1014,1013,1011,8,5,3,16,6,,0.00,6,Rain,95
2016-5-2,32,26,21,22,20,19,88,65,46,1013,1010,1008,10,10,6,16,5,,0.00,2,,311
2016-5-3,32,28,24,22,21,18,83,68,49,1013,1010,1007,10,10,4,35,13,58,0.00,4,Rain,303
2016-5-4,32,28,24,23,21,18,79,67,52,1013,1012,1011,10,9,7,26,14,,0.00,5,Rain,96
2016-5-5,31,27,23,23,22,21,89,76,55,1013,1011,1010,10,8,1,21,10,,0.00,6,Rain-Thunderstorm,133
2016-5-6,35,29,23,23,22,19,89,64,39,1011,1010,1007,10,10,10,23,8,,0.00,3,,296
2016-5-7,33,29,26,24,23,22,83,70,52,1013,1011,1010,10,10,8,24,8,,0.00,4,Thunderstorm,85
2016-5-8,32,28,25,24,23,21,89,76,55,1014,1012,1011,10,8,2,23,8,,0.00,5,Rain-Thunderstorm,104
2016-5-9,32,28,24,24,22,21,83,71,55,1013,1010,1008,10,9,4,24,8,34,0.00,5,Rain-Thunderstorm,31
2016-5-10,31,27,24,23,22,20,83,72,55,1009,1007,1005,10,9,5,24,11,40,0.00,6,Rain-Thunderstorm,288
2016-5-11,24,21,19,21,17,15,88,75,57,1012,1011,1009,10,9,4,27,21,,0.00,6,Rain-Thunderstorm,97
2016-5-12,31,26,22,21,19,16,78,63,49,1011,1010,1008,10,10,10,27,18,,0.00,5,,98
2016-5-13,32,27,23,22,21,20,83,69,49,1016,1013,1011,10,10,8,32,14,48,0.00,4,Rain,91
2016-5-14,31,28,25,22,22,20,83,66,55,1015,1014,1012,10,10,10,26,23,,0.00,5,,87
2016-5-15,33,29,26,23,21,20,74,63,49,1013,1011,1009,10,10,7,21,8,,0.00,5,Thunderstorm,223
2016-5-16,27,22,18,22,18,11,89,81,64,1015,1012,1009,10,8,1,26,14,42,0.00,6,Rain-Thunderstorm,97
2016-5-17,21,19,18,17,15,12,78,72,64,1015,1014,1013,10,10,9,29,24,,0.00,6,Rain,103
2016-5-18,29,24,21,20,19,17,83,72,55,1014,1012,1011,10,10,7,24,13,,0.00,5,,131
2016-5-19,27,24,22,20,19,19,83,75,65,1012,1010,1009,10,10,8,24,13,,0.00,5,,104
2016-5-20,30,26,21,21,19,19,88,71,51,1010,1009,1008,10,10,9,23,11,,0.00,5,,97
2016-5-21,29,27,24,23,22,20,89,76,62,1010,1009,1008,10,8,5,19,11,,0.00,6,Rain,105
2016-5-22,29,27,25,23,22,20,89,76,58,1010,1009,1007,10,8,4,23,10,,0.00,6,Rain,98
2016-5-23,30,27,24,23,22,22,89,80,66,1010,1008,1007,10,8,4,34,19,,0.00,6,Rain,103
2016-5-24,27,26,24,23,22,21,89,81,74,1009,1008,1006,10,8,5,29,18,,0.00,6,Rain,103
2016-5-25,28,26,24,22,22,21,83,78,70,1011,1009,1007,10,9,6,23,14,,0.00,5,Rain,103
2016-5-26,33,28,24,23,22,20,89,69,49,1011,1009,1008,10,8,5,19,8,,0.00,5,,82
2016-5-27,33,29,26,24,23,22,89,76,52,1012,1010,1009,10,7,1,19,6,34,0.00,5,Rain-Thunderstorm,127
2016-5-28,35,30,26,24,24,21,89,70,44,1011,1008,1006,10,10,8,29,8,,0.00,6,Rain,97
2016-5-29,36,31,27,24,22,21,79,58,44,1008,1006,1004,10,10,10,35,14,,0.00,5,,267
2016-5-30,34,31,28,25,23,22,84,67,49,1010,1008,1007,10,10,10,27,16,,0.00,6,Rain,281
2016-5-31,35,31,28,24,23,22,79,61,47,1010,1008,1006,10,10,10,23,11,,0.00,3,Rain,276
