
CST,Max TemperatureC,Mean TemperatureC,Min TemperatureC,Dew PointC,MeanDew PointC,Min DewpointC,Max Humidity, Mean Humidity, Min Humidity, Max Sea Level PressurehPa, Mean Sea Level PressurehPa, Min Sea Level PressurehPa, Max VisibilityKm, Mean VisibilityKm, Min VisibilitykM, Max Wind SpeedKm/h, Mean Wind SpeedKm/h, Max Gust SpeedKm/h,Precipitationmm, CloudCover, Events,WindDirDegrees
2015-12-1,24,22,20,18,18,17,88,77,65,1019,1017,1016,10,10,10,27,21,,0.00,5,,100
2015-12-2,26,22,19,18,17,16,88,72,54,1019,1016,1014,10,10,10,21,10,,0.00,6,,268
2015-12-3,21,18,16,16,11,8,77,63,49,1025,1023,1019,10,9,6,27,21,40,0.00,6,Rain,96
2015-12-4,18,17,15,12,10,8,82,64,52,1027,1025,1023,10,10,9,37,27,,0.00,6,Rain,102
2015-12-5,26,21,16,18,16,11,83,68,54,1023,1018,1014,10,10,10,34,26,,0.00,5,,96
2015-12-6,20,18,17,17,15,14,88,82,73,1024,1022,1019,10,9,5,24,13,,0.00,6,Rain,105
2015-12-7,20,18,17,15,13,11,83,72,60,1025,1024,1023,10,10,8,27,21,,0.00,6,,100
2015-12-8,21,19,18,16,16,14,83,79,73,1026,1024,1022,10,9,8,34,27,52,0.00,6,Rain,98
2015-12-9,24,22,20,19,17,15,94,77,61,1023,1016,1013,10,9,5,32,23,42,0.00,6,Rain,93
2015-12-10,24,21,18,19,16,13,94,76,50,1016,1014,1011,10,9,2,19,10,,0.00,5,Rain,281
2015-12-11,20,18,17,15,14,13,88,74,64,1020,1018,1016,10,10,9,21,13,,0.00,6,Rain,97
2015-12-12,20,18,16,16,15,14,94,84,73,1020,1019,1017,10,9,5,34,21,,0.00,5,Rain,105
2015-12-13,25,22,19,19,17,15,88,77,65,1018,1016,1015,10,10,9,32,24,,0.00,2,,96
2015-12-14,24,21,18,19,17,16,94,79,65,1018,1016,1014,10,10,7,27,16,,0.00,6,Rain,96
2015-12-15,18,17,16,15,13,10,83,76,63,1022,1020,1017,10,6,3,26,23,,0.00,6,Rain,94
2015-12-16,16,14,13,10,6,2,68,56,47,1027,1024,1022,10,6,4,21,13,37,0.00,6,,73
2015-12-17,13,12,11,5,2,0,58,52,41,1030,1028,1026,10,10,10,23,14,37,0.00,6,,72
2015-12-18,18,16,13,9,8,5,67,58,48,1028,1027,1026,10,10,10,26,16,,0.00,6,,99
2015-12-19,20,18,16,16,14,10,83,75,68,1027,1025,1023,10,10,7,34,24,50,0.00,6,Rain,94
2015-12-20,25,21,17,16,14,14,88,65,53,1024,1021,1018,10,10,8,27,16,,0.00,5,,112
2015-12-21,23,21,19,18,17,15,88,78,69,1023,1022,1021,10,9,6,27,11,,0.00,6,Rain,107
2015-12-22,29,24,19,19,18,16,88,69,45,1022,1019,1016,10,9,4,29,11,,0.00,4,,131
2015-12-23,28,24,20,19,17,16,88,73,48,1021,1018,1016,10,9,4,23,11,,0.00,4,,98
2015-12-24,26,22,19,19,18,18,94,81,61,1018,1017,1015,10,8,2,21,6,,0.00,6,Rain,284
2015-12-25,20,18,16,18,14,12,88,81,72,1023,1021,1017,10,9,4,21,13,,0.00,6,Rain,103
2015-12-26,19,17,15,15,13,11,88,76,68,1022,1021,1019,10,6,4,26,16,,0.00,6,Rain,100
2015-12-27,19,17,15,16,14,12,88,83,77,1027,1024,1021,10,6,3,19,8,,0.00,6,Rain,96
2015-12-28,17,16,15,13,11,8,88,72,59,1030,1028,1027,10,9,6,26,14,45,0.00,6,Rain,94
2015-12-29,19,17,16,13,10,8,82,63,52,1029,1027,1025,10,10,10,29,23,,0.00,6,,99
2015-12-30,17,16,15,14,13,12,88,83,77,1027,1026,1024,10,10,10,27,21,,0.00,6,Rain,107
2015-12-31,17,16,15,13,10,9,88,68,59,1030,1028,1026,10,8,5,24,19,42,0.00,6,Rain,91
