
CST,Max TemperatureC,Mean TemperatureC,Min TemperatureC,Dew PointC,MeanDew PointC,Min DewpointC,Max Humidity, Mean Humidity, Min Humidity, Max Sea Level PressurehPa, Mean Sea Level PressurehPa, Min Sea Level PressurehPa, Max VisibilityKm, Mean VisibilityKm, Min VisibilitykM, Max Wind SpeedKm/h, Mean Wind SpeedKm/h, Max Gust SpeedKm/h,Precipitationmm, CloudCover, Events,WindDirDegrees
2015-10-1,33,30,27,24,23,23,79,70,55,1014,1013,1011,10,10,9,16,8,,0.00,5,Thunderstorm,300
2015-10-2,28,26,23,24,22,20,89,81,74,1016,1014,1013,10,8,3,29,19,42,0.00,6,Rain-Thunderstorm,96
2015-10-3,33,30,27,23,22,21,79,66,52,1017,1014,1013,10,10,10,26,19,,0.00,2,,101
2015-10-4,34,30,27,24,22,21,79,64,49,1019,1017,1015,10,10,10,35,21,,0.00,2,,100
2015-10-5,33,29,26,23,23,21,83,68,52,1018,1016,1014,10,10,10,29,19,,0.00,3,,95
2015-10-6,30,28,26,23,21,20,83,70,55,1017,1015,1013,10,10,10,26,21,40,0.00,5,,87
2015-10-7,30,28,25,21,19,19,74,64,51,1015,1012,1010,10,10,10,27,21,,0.00,4,,94
2015-10-8,29,27,24,22,21,19,89,74,62,1011,1009,1008,10,10,7,23,10,,0.00,6,Rain,293
2015-10-9,24,22,21,22,21,18,94,87,78,1014,1011,1009,10,8,3,23,13,,0.00,6,Rain,104
2015-10-10,27,24,22,20,19,17,88,75,61,1016,1013,1012,10,10,4,21,13,,0.00,6,Rain,99
2015-10-11,23,21,20,20,16,13,88,71,53,1021,1019,1016,10,9,4,16,8,,0.00,6,Rain,98
2015-10-12,25,22,20,16,14,12,78,57,47,1022,1021,1019,10,10,10,35,21,,0.00,6,,99
2015-10-13,26,23,20,16,13,12,78,56,42,1022,1020,1019,10,10,10,34,23,,0.00,1,,93
2015-10-14,26,22,19,16,15,14,78,62,47,1020,1018,1016,10,10,10,27,18,48,0.00,2,,90
2015-10-15,27,22,18,18,17,15,88,67,51,1017,1015,1013,10,10,10,26,14,,0.00,1,,90
2015-10-16,27,24,22,19,19,18,83,72,61,1016,1015,1013,10,10,10,29,21,45,0.00,3,,93
2015-10-17,27,24,22,19,18,16,78,66,54,1016,1014,1013,10,10,10,35,23,55,0.00,2,Rain,90
2015-10-18,25,23,22,21,19,16,88,76,57,1014,1013,1012,10,9,5,34,27,50,0.00,5,Rain,96
2015-10-19,26,24,23,22,21,19,88,78,69,1012,1009,1007,10,9,5,34,26,,0.00,6,Rain,91
2015-10-20,28,26,23,20,19,18,83,67,58,1009,1007,1006,10,10,10,45,32,60,0.00,6,Rain,99
2015-10-21,26,23,22,21,20,19,88,79,69,1013,1010,1008,10,9,5,35,27,52,0.00,6,Rain,99
2015-10-22,26,24,23,21,20,19,88,77,69,1013,1012,1011,10,9,7,29,18,47,0.00,6,Rain,88
2015-10-23,27,26,24,23,22,20,89,82,70,1014,1012,1010,10,8,4,16,8,,0.00,6,Rain,91
2015-10-24,27,26,24,22,22,20,89,82,74,1018,1015,1012,10,8,5,23,11,,0.00,6,Rain,98
2015-10-25,27,26,24,21,19,18,83,72,61,1020,1017,1016,10,10,7,32,23,47,0.00,5,,90
2015-10-26,29,26,23,20,19,18,78,66,54,1018,1016,1014,10,10,10,26,21,,0.00,3,,98
2015-10-27,31,27,24,21,20,19,83,70,49,1018,1015,1013,10,9,6,24,8,,0.00,2,,227
2015-10-28,27,24,23,21,20,19,83,75,65,1020,1018,1017,10,9,6,29,23,,0.00,4,,90
2015-10-29,31,27,24,21,21,20,83,68,52,1019,1017,1015,10,7,5,19,11,,0.00,4,,279
2015-10-30,28,24,22,21,20,19,88,75,58,1022,1019,1017,10,8,4,27,11,,0.00,5,Rain,101
2015-10-31,24,22,21,19,18,16,83,77,73,1024,1023,1021,10,10,9,29,23,55,0.00,6,Rain,99
