CST,Max TemperatureC,Mean TemperatureC,Min TemperatureC,Dew PointC,MeanDew PointC,Min DewpointC,Max Humidity, Mean Humidity, Min Humidity, Max Sea Level PressurehPa, Mean Sea Level PressurehPa, Min Sea Level PressurehPa, Max VisibilityKm, Mean VisibilityKm, Min VisibilitykM, Max Wind SpeedKm/h, Mean Wind SpeedKm/h, Max Gust SpeedKm/h,Precipitationmm, CloudCover, Events,WindDirDegrees
2015-1-1,16,13,12,7,4,2,59,52,44,1030,1028,1025,10,9,5,27,19,40,0.00,5,,84
2015-1-2,17,13,11,6,5,4,67,55,45,1028,1027,1024,10,10,10,32,19,,0.00,3,,95
2015-1-3,21,16,11,10,8,5,72,57,40,1026,1022,1020,10,10,10,26,19,,0.00,2,,106
2015-1-4,23,17,12,14,11,8,82,66,38,1020,1017,1015,10,10,9,16,6,,0.00,2,,285
2015-1-5,24,18,13,16,13,11,94,75,50,1018,1015,1014,10,9,6,13,5,,0.00,4,,263
2015-1-6,24,20,16,15,14,13,82,71,50,1017,1015,1013,10,8,4,27,10,,0.00,5,Rain,96
2015-1-7,17,14,13,15,11,6,88,73,63,1026,1022,1017,10,10,8,29,19,,0.00,6,Rain,96
2015-1-8,15,13,12,7,5,3,67,57,51,1030,1028,1026,10,10,9,23,13,,0.00,6,,81
2015-1-9,18,16,14,8,7,6,63,56,48,1028,1026,1023,10,10,10,29,18,37,0.00,5,,92
2015-1-10,19,17,14,8,8,7,67,55,46,1026,1025,1023,10,10,10,32,21,34,0.00,6,,98
2015-1-11,19,17,16,10,8,7,68,55,46,1026,1024,1023,10,10,10,32,26,,0.00,6,,102
2015-1-12,18,17,15,13,10,6,88,66,45,1026,1024,1023,10,8,5,34,29,,0.00,6,Rain,100
2015-1-13,24,20,16,15,13,12,88,64,50,1022,1017,1015,10,9,5,42,29,63,0.00,5,Rain,114
2015-1-14,17,16,15,14,11,8,88,72,59,1024,1021,1017,10,9,5,27,16,40,0.00,6,Rain,273
2015-1-15,17,16,14,10,9,8,72,65,59,1025,1023,1022,10,10,10,23,16,,0.00,6,,90
2015-1-16,20,17,13,12,11,8,82,66,56,1025,1023,1020,10,10,10,27,18,,0.00,3,,94
2015-1-17,16,14,14,8,6,3,63,54,48,1029,1027,1025,10,7,5,27,19,45,0.00,5,,87
2015-1-18,20,17,14,11,9,6,72,61,49,1025,1023,1021,10,10,10,29,21,,0.00,6,,91
2015-1-19,17,16,15,8,6,5,63,52,45,1026,1024,1023,10,10,8,29,21,50,0.00,6,,90
2015-1-20,21,18,16,12,10,6,68,58,52,1023,1020,1018,10,10,9,27,23,,0.00,4,,94
2015-1-21,21,17,13,15,12,8,88,69,49,1021,1019,1017,10,8,5,26,8,,0.00,4,Rain,278
2015-1-22,18,14,10,10,7,4,88,62,45,1024,1022,1020,10,8,5,21,6,,0.00,2,,91
2015-1-23,20,14,8,8,6,4,76,58,35,1024,1022,1020,10,9,6,26,14,,0.00,1,,91
2015-1-24,24,17,10,10,8,6,87,56,36,1022,1021,1019,10,9,5,27,10,34,0.00,2,,97
2015-1-25,23,19,15,15,12,8,83,61,50,1022,1020,1018,10,9,6,16,10,,0.00,5,,217
2015-1-26,22,19,17,16,14,12,88,76,60,1021,1019,1017,10,8,4,21,8,,0.00,6,Rain,105
2015-1-27,18,17,15,16,14,12,94,83,72,1021,1019,1017,10,6,4,24,14,,0.00,7,Rain,96
2015-1-28,16,14,14,12,12,12,88,84,77,1022,1021,1019,10,9,6,26,21,,0.00,6,Rain,102
2015-1-29,22,18,15,15,14,12,88,77,60,1020,1019,1016,10,10,10,24,19,,0.00,6,Rain,101
2015-1-30,18,16,14,15,12,9,83,72,64,1027,1023,1019,10,10,10,23,11,37,0.00,6,,88
2015-1-31,15,14,13,11,10,9,88,78,72,1029,1027,1026,10,10,8,27,19,,0.00,6,Rain,99
