
CST,Max TemperatureC,Mean TemperatureC,Min TemperatureC,Dew PointC,MeanDew PointC,Min DewpointC,Max Humidity, Mean Humidity, Min Humidity, Max Sea Level PressurehPa, Mean Sea Level PressurehPa, Min Sea Level PressurehPa, Max VisibilityKm, Mean VisibilityKm, Min VisibilitykM, Max Wind SpeedKm/h, Mean Wind SpeedKm/h, Max Gust SpeedKm/h,Precipitationmm, CloudCover, Events,WindDirDegrees
2016-2-1,18,14,12,15,11,9,88,80,72,1027,1024,1020,10,8,4,26,18,39,0.00,6,Rain,93
2016-2-2,13,12,11,11,9,8,94,84,72,1027,1025,1023,10,9,7,21,14,34,0.00,6,Rain,103
2016-2-3,15,14,13,13,12,11,88,85,77,1025,1024,1022,10,9,5,24,16,,0.00,7,Rain,105
2016-2-4,21,18,15,16,14,13,88,82,68,1024,1021,1019,10,9,5,19,13,,0.00,6,Rain,124
2016-2-5,16,14,14,14,11,8,94,74,67,1022,1021,1018,10,10,6,14,8,,0.00,7,Rain,118
2016-2-6,13,11,9,8,2,-1,72,54,41,1028,1025,1022,10,6,4,16,10,35,0.00,5,,295
2016-2-7,16,12,7,5,1,-3,71,49,31,1028,1026,1023,10,9,8,19,6,,0.00,2,,295
2016-2-8,20,12,5,5,2,-3,81,51,23,1027,1024,1021,10,10,10,24,6,,0.00,1,,99
2016-2-9,23,14,7,10,7,4,87,57,29,1023,1021,1019,10,10,10,21,8,,0.00,1,,116
2016-2-10,26,19,12,14,11,8,82,57,34,1021,1018,1016,10,10,8,26,11,,0.00,2,,122
2016-2-11,27,22,17,16,14,12,83,71,48,1019,1016,1013,10,9,4,23,13,,0.00,5,Rain,248
2016-2-12,28,23,18,18,17,15,83,72,51,1017,1014,1012,10,10,8,19,6,,0.00,3,,221
2016-2-13,30,24,18,18,17,13,88,65,35,1014,1012,1010,10,9,6,23,8,37,0.00,1,,292
2016-2-14,21,16,11,18,13,7,88,78,67,1025,1017,1012,10,8,4,24,8,40,0.00,6,Rain,66
2016-2-15,12,11,10,7,6,3,82,68,54,1028,1026,1025,10,10,8,19,13,37,0.00,6,Rain,75
2016-2-16,13,12,11,9,7,4,88,72,58,1027,1025,1024,10,10,7,27,18,,0.00,6,Rain,100
2016-2-17,15,13,12,11,9,6,88,76,55,1026,1025,1023,10,10,6,26,18,,0.00,6,Rain,105
2016-2-18,19,16,13,15,14,11,94,84,73,1024,1022,1020,10,8,4,24,18,,0.00,6,Rain,106
2016-2-19,18,16,14,16,14,12,94,87,82,1022,1020,1018,8,5,2,23,8,,0.00,7,Rain,269
2016-2-20,16,14,13,13,7,3,88,64,48,1028,1025,1022,10,8,3,21,10,,0.00,6,Rain,69
2016-2-21,18,16,13,10,8,4,67,60,51,1027,1025,1023,10,10,10,34,27,,0.00,6,,95
2016-2-22,24,19,14,13,12,10,88,71,47,1024,1021,1019,10,9,6,23,11,,0.00,6,Rain,274
2016-2-23,16,14,13,13,12,11,94,82,72,1028,1025,1023,10,9,2,21,10,,0.00,6,Rain,111
2016-2-24,14,13,12,12,10,9,88,84,72,1032,1030,1027,10,7,4,27,18,,0.00,6,Rain,98
2016-2-25,14,13,12,11,10,9,88,81,72,1032,1031,1029,10,9,6,32,24,,0.00,6,Rain,101
2016-2-26,15,14,13,14,12,10,94,89,77,1030,1027,1025,10,7,3,26,21,,0.00,6,Rain,112
2016-2-27,16,16,15,14,14,13,94,90,82,1025,1024,1023,10,6,2,16,8,,0.00,7,Rain,197
2016-2-28,22,18,14,14,12,10,94,69,50,1024,1023,1020,10,10,7,26,10,,0.00,5,,97
2016-2-29,19,16,12,12,8,3,88,60,51,1030,1028,1023,10,8,5,32,18,50,0.00,4,,85
