
CST,Max TemperatureC,Mean TemperatureC,Min TemperatureC,Dew PointC,MeanDew PointC,Min DewpointC,Max Humidity, Mean Humidity, Min Humidity, Max Sea Level PressurehPa, Mean Sea Level PressurehPa, Min Sea Level PressurehPa, Max VisibilityKm, Mean VisibilityKm, Min VisibilitykM, Max Wind SpeedKm/h, Mean Wind SpeedKm/h, Max Gust SpeedKm/h,Precipitationmm, CloudCover, Events,WindDirDegrees
2015-8-1,34,30,26,24,22,20,74,60,46,1012,1011,1010,10,10,10,21,10,,0.00,2,,84
2015-8-2,35,30,26,23,21,20,74,60,41,1013,1011,1009,10,10,10,21,11,,0.00,2,,114
2015-8-3,34,30,26,23,21,19,74,60,41,1012,1010,1009,10,10,10,16,8,,0.00,2,,66
2015-8-4,34,30,27,24,22,21,74,63,46,1010,1008,1006,10,10,10,21,11,,0.00,3,,114
2015-8-5,33,29,26,23,22,21,78,64,52,1008,1006,1005,10,10,9,19,11,,0.00,3,Rain,235
2015-8-6,33,29,26,25,23,22,89,70,52,1006,1005,1004,10,10,3,24,16,,0.00,3,Rain-Thunderstorm,98
2015-8-7,32,30,28,25,24,23,84,72,59,1004,999,992,10,8,3,39,21,82,0.00,6,Rain,69
2015-8-8,30,27,24,26,23,21,100,81,62,992,980,975,10,5,1,89,61,142,0.00,7,Rain,97
2015-8-9,32,29,27,25,23,22,84,74,59,1005,1000,993,10,10,10,48,21,66,0.00,6,Rain,101
2015-8-10,34,30,26,25,23,22,94,70,52,1009,1006,1004,10,10,8,16,6,,0.00,6,,356
2015-8-11,35,30,26,26,23,19,94,70,41,1009,1008,1006,10,9,2,26,8,,0.00,5,Rain-Thunderstorm,104
2015-8-12,35,31,27,26,24,20,89,73,41,1010,1008,1007,10,9,1,16,6,,0.00,5,Rain,59
2015-8-13,35,30,25,25,24,21,100,77,46,1009,1008,1006,10,9,2,29,10,,0.00,5,Rain-Thunderstorm,79
2015-8-14,34,30,26,25,24,22,89,77,52,1009,1007,1006,10,9,1,23,6,,0.00,6,Rain-Thunderstorm,82
2015-8-15,36,31,26,24,21,19,84,58,39,1008,1007,1006,10,10,10,39,11,58,0.00,6,Rain,250
2015-8-16,33,29,26,24,21,17,89,61,43,1008,1007,1005,10,9,5,34,14,55,0.00,5,Rain,271
2015-8-17,34,30,27,24,23,21,74,63,49,1009,1007,1006,10,10,10,26,10,,0.00,5,,278
2015-8-18,32,28,25,25,24,22,94,78,55,1009,1008,1007,10,8,1,23,8,,0.00,6,Rain-Thunderstorm,116
2015-8-19,34,30,26,26,24,22,89,71,49,1008,1007,1006,10,10,7,29,14,,0.00,2,,92
2015-8-20,34,30,27,25,23,21,84,64,46,1008,1005,1003,10,10,10,34,23,,0.00,2,,95
2015-8-21,33,30,27,25,24,22,84,72,59,1004,1001,1000,10,9,3,40,27,55,0.00,4,Rain,96
2015-8-22,32,29,26,26,24,23,89,76,59,1000,998,996,10,9,3,39,27,58,0.00,5,Rain,91
2015-8-23,30,28,26,25,24,23,89,81,70,997,995,994,10,7,2,32,18,52,0.00,6,Rain,75
2015-8-24,34,30,27,25,23,21,89,68,49,1003,1000,997,10,10,7,34,23,,0.00,6,Rain,274
2015-8-25,31,27,24,25,23,21,94,78,66,1009,1006,1003,10,8,2,26,11,,0.00,6,Rain,90
2015-8-26,31,28,25,23,22,20,89,72,55,1011,1009,1008,10,10,7,21,11,,0.00,6,Rain,101
2015-8-27,29,27,24,25,23,22,94,89,70,1011,1010,1009,10,6,1,16,10,,0.00,6,Rain-Thunderstorm,101
2015-8-28,29,27,24,24,23,22,94,86,70,1010,1008,1007,10,7,1,21,6,,0.00,6,Rain-Thunderstorm,121
2015-8-29,30,28,25,25,23,23,94,86,70,1008,1007,1006,10,8,3,21,10,,0.00,6,Rain,98
2015-8-30,28,27,25,24,23,21,94,84,66,1010,1008,1007,10,9,5,23,6,,0.00,6,Rain,299
2015-8-31,26,26,25,24,23,22,89,87,78,1011,1009,1007,10,8,4,16,10,,0.00,6,Rain,286
