
CST,Max TemperatureC,Mean TemperatureC,Min TemperatureC,Dew PointC,MeanDew PointC,Min DewpointC,Max Humidity, Mean Humidity, Min Humidity, Max Sea Level PressurehPa, Mean Sea Level PressurehPa, Min Sea Level PressurehPa, Max VisibilityKm, Mean VisibilityKm, Min VisibilitykM, Max Wind SpeedKm/h, Mean Wind SpeedKm/h, Max Gust SpeedKm/h,Precipitationmm, CloudCover, Events,WindDirDegrees
2015-3-1,17,14,12,15,9,7,94,76,63,1024,1022,1019,10,9,2,23,16,,0.00,6,Rain,92
2015-3-2,17,14,13,14,12,8,88,77,72,1023,1017,1014,10,8,5,26,19,,0.00,6,Rain,103
2015-3-3,26,20,15,16,14,11,88,71,54,1017,1013,1010,10,6,5,24,10,,0.00,4,Rain,284
2015-3-4,16,14,14,12,11,9,88,80,72,1021,1020,1017,10,9,4,27,24,,0.00,7,Rain,98
2015-3-5,19,17,14,16,14,12,94,84,73,1021,1018,1016,10,10,5,34,21,,0.00,6,Rain,100
2015-3-6,17,14,13,15,13,11,94,82,77,1021,1019,1016,10,10,6,26,16,,0.00,6,Rain,105
2015-3-7,18,17,15,14,13,13,88,82,73,1020,1019,1018,10,10,8,29,18,,0.00,6,Rain,100
2015-3-8,24,20,16,17,16,14,88,77,61,1020,1017,1015,10,10,8,32,21,,0.00,5,Rain,188
2015-3-9,21,18,15,17,12,8,88,70,59,1026,1021,1016,10,9,4,29,16,26,0.00,6,,88
2015-3-10,16,13,11,10,9,8,88,78,59,1028,1026,1024,10,7,4,29,23,45,0.00,6,Rain,98
2015-3-11,14,12,11,12,11,9,94,89,82,1027,1023,1022,10,6,4,27,23,,0.00,6,Rain,106
2015-3-12,15,14,13,13,12,11,100,87,77,1023,1021,1020,10,9,4,26,14,,0.00,6,Rain,107
2015-3-13,25,19,13,16,14,11,94,71,50,1021,1019,1016,10,10,7,24,11,,0.00,2,,278
2015-3-14,26,21,16,17,16,14,94,72,51,1021,1019,1016,10,7,5,16,6,,0.00,3,,105
2015-3-15,29,23,18,18,17,14,88,72,42,1019,1017,1015,10,7,4,21,6,,0.00,4,Rain,110
2015-3-16,28,24,20,20,19,18,94,79,54,1018,1016,1013,7,5,2,14,10,,0.00,6,,108
2015-3-17,30,25,20,21,20,19,100,77,51,1016,1013,1010,8,5,1,21,8,,0.00,5,,298
2015-3-18,30,27,23,20,19,12,83,66,33,1012,1011,1008,10,9,6,23,8,,0.00,4,,289
2015-3-19,31,26,22,20,19,12,83,68,31,1015,1013,1011,10,9,6,27,13,,0.00,4,,96
2015-3-20,30,26,21,20,18,17,88,74,51,1017,1015,1013,10,7,4,29,16,,0.00,4,,305
2015-3-21,22,20,18,18,16,14,88,79,73,1020,1017,1016,10,9,5,32,16,,0.00,6,,105
2015-3-22,21,19,18,15,12,10,83,64,52,1022,1020,1018,10,8,5,32,23,50,0.00,6,,95
2015-3-23,20,18,15,15,14,11,94,81,56,1024,1021,1018,10,6,2,34,24,52,0.00,6,Rain-Thunderstorm,98
2015-3-24,17,16,14,15,12,11,88,79,72,1028,1026,1022,10,9,6,34,26,55,0.00,6,Rain,100
2015-3-25,16,14,14,14,13,11,88,85,77,1029,1027,1025,10,8,5,34,26,,0.00,6,Rain,105
2015-3-26,21,18,16,17,16,15,94,81,73,1027,1024,1023,10,9,7,26,19,,0.00,6,Rain,91
2015-3-27,19,17,14,18,16,12,100,87,73,1024,1022,1020,10,7,2,24,10,,0.00,6,Rain,264
2015-3-28,22,17,13,13,11,9,94,68,46,1022,1019,1016,10,10,10,24,10,,0.00,4,,106
2015-3-29,28,21,14,16,14,11,88,64,45,1019,1016,1014,10,10,10,24,11,,0.00,1,,97
2015-3-30,29,24,19,18,17,14,83,63,40,1017,1015,1014,10,10,10,16,8,,0.00,6,,77
2015-3-31,31,26,21,21,19,16,83,65,43,1016,1014,1012,10,10,9,19,6,,0.00,5,Rain,349
